0.0421725
0.0533708
0.051511
0.0384466
0.0403588
0.038
0.0229162
0.0132513
0.0142535
0.0125285
0.0112608
0.0112842
0.0119571
0.0124651
0.0124453
0.00933146
0.0108782
0.00864595
0.00837103
0.00829099
0.0077431
0.00746205
0.00971923
0.00792731
0.00837935
0.00842574
0.00802047
0.00860812
0.00845907
0.00800674
0.00844507
0.00897435
0.00843146
0.0088166
0.00974897
0.00830666
0.00872251
0.0107288
0.0112198
0.0116605
0.00973685
0.0111715
0.0103774
0.0101138
0.00806793
0.00810253
0.00828806
0.00815079
0.00846251
0.00980033





