0.0508026
0.0384928
0.0375536
0.0378702
0.0170531
0.0124769
0.0103804
0.00900867
0.00797892
0.00776686
0.00796172
0.00776878
0.00763993
0.00767597
0.00821689
0.00772838
0.00764176
0.00834912
0.00922951
0.00867532
0.00687218
0.00606261
0.0064766
0.00597806
0.00647475
0.00652518
0.00612174
0.00668933
0.00579058
0.00599302
0.00657859
0.00583624
0.00647626
0.00646333
0.00760557
0.00677095
0.0058572
0.00652861
0.00680778
0.00601974
0.00683812
0.00653734
0.00636726
0.0070758
0.00614864
0.00695471
0.00690728
0.00614125
0.0065813
0.00796127





