0.298748
0.215434
0.0852617
0.0911017
0.219882
0.0972214
0.0318433
0.0572883
0.24632
0.0196978
0.0969495
0.0595427
0.118972
0.0426423
0.17621
0.129506
0.0730005
0.0767271
0.0286972
0.0632194
0.00576736
0.0229303
0.0607918
0.0511223
0.152185
0.139195
0.0460433
0.0973409
0.0332155
0.10048
0.115254
0.0925542
0.0617595
0.0243857
0.130946
0.0289932
0.0294074
0.100163
0.105528
0.11527
0.0808565
0.0754669
0.059945
0.0300461
0.134315
0.0640461
0.0269982
0.0512379
0.143241
0.0317849